structure(list(mean = c(1.43727180894246, 0.0912772508512578, 
0.0314063236581159, -0.190727309019437, 0.511903593841847, 0.0138584140347845, 
0.570279057056192, 0.00866854784131765), sd = c(0.540204491372267, 
0.0154936959400884, 0.0233960804909742, 0.0598860006597591, 0.0212280823882493, 
0.00244622291845872, 0.0324247182523752, 0.000595809370765596
), `2.5%` = c(0.382986079841106, 0.060347076498279, -0.0136852680163894, 
-0.304012869632529, 0.470833301612641, 0.00980734239307611, 0.510736643929242, 
0.00759025276040348), `97.5%` = c(2.51322365572894, 0.121784055314272, 
0.0777643982228015, -0.0735854618523467, 0.553729497926054, 0.0192143191325008, 
0.63796599186076, 0.00991622582784781), mean = c(NA, 0.24078808704959, 
0.0523865579260787, -0.0432855078593671, 0.898871242055699, 0.442166516756131, 
0.681269353657981, 0.338609615632819), sd = c(NA, 0.00300793476810394, 
0.0121295996199003, 0.0180358479340631, 0.0636619044644306, 0.0156867407665598, 
0.4240200101007, 0.136093517262095), `2.5%` = c(NA, 0.234859334570713, 
0.0287223526833073, -0.0789073066917429, 0.738604017970136, 0.412725149915724, 
0.202031370206912, 0.149282637099017), `97.5%` = c(NA, 0.246774050464076, 
0.0764156870646318, -0.00861857691549491, 0.979728873288405, 
0.474570481196139, 1.8056645088531, 0.673935065242497)), class = "data.frame", row.names = c("(Intercept)", 
"xmaxtemp", "xwdsp", "xrh", "rho", "sig2eps", "sig2eta", "phi"
))
