structure(list(rmse = c(5.72687738655535, 5.94009632993823, 5.74525780278373, 
3.12770936067898), mae = c(3.34345047923323, 3.35543130990415, 
3.03354632587859, 1.97798452145043), crps = c(2.52393227747332, 
3.09381327090777, 2.11193594675587, 0.285723865128994), cvg = c(98.2428115015974, 
97.9233226837061, 95.3674121405751, 22.2044728434505)), class = "data.frame", row.names = c("Anova", 
"AR (1)", "AR (2)", "INLA-BYM"))
