structure(c(321.33, 737.537633095989, 607.31, 21.1666112325483, 
928.64, 758.704244328537), .Dim = 2:3, .Dimnames = list(c("spTimer", 
"INLA"), c("gof", "penalty", "pmcc")))
