structure(c(321.33, 737.220047040736, 607.31, 21.0871293058044, 
928.64, 758.30717634654), .Dim = 2:3, .Dimnames = list(c("spTimer", 
"INLA"), c("gof", "penalty", "pmcc")))
