structure(list(mean = c(1.43727180894246, 0.0912772508512578, 
0.0314063236581159, -0.190727309019437, 0.511903593841847, 0.0138584140347845, 
0.570279057056192, 0.00866854784131765), sd = c(0.540204491372267, 
0.0154936959400884, 0.0233960804909742, 0.0598860006597591, 0.0212280823882493, 
0.00244622291845872, 0.0324247182523752, 0.000595809370765596
), `2.5%` = c(0.382986079841106, 0.060347076498279, -0.0136852680163894, 
-0.304012869632529, 0.470833301612641, 0.00980734239307611, 0.510736643929242, 
0.00759025276040348), `97.5%` = c(2.51322365572894, 0.121784055314272, 
0.0777643982228015, -0.0735854618523467, 0.553729497926054, 0.0192143191325008, 
0.63796599186076, 0.00991622582784781), mean = c(NA, 0.240854281789696, 
0.0524441305148357, -0.0431372159996878, 0.880387991924858, 0.441638647781511, 
0.570685893260514, 0.307955324773536), sd = c(NA, 0.0029937131062653, 
0.0121196035781994, 0.0180086724523556, 0.059396240041577, 0.0156567138535039, 
0.32677704201906, 0.129643675666853), `2.5%` = c(NA, 0.234958716121916, 
0.0287981531102292, -0.0786947260822824, 0.738022777791588, 0.412553637073614, 
0.174640688488381, 0.122247218261386), `97.5%` = c(NA, 0.246814832698753, 
0.0764523834011607, -0.00851250027765818, 0.965352409516089, 
0.474289683446802, 1.4239327916435, 0.621915256382714)), class = "data.frame", row.names = c("(Intercept)", 
"xmaxtemp", "xwdsp", "xrh", "rho", "sig2eps", "sig2eta", "phi"
))
