structure(c(321.33, 737.150568187724, 607.31, 21.1068698672267, 
928.64, 758.257438054951), .Dim = 2:3, .Dimnames = list(c("spTimer", 
"INLA"), c("gof", "penalty", "pmcc")))
