structure(c(4.97556773531687, 4.94172571271778, 3912.07315891765, 
3912.00547487245, 4.85235735383094, 4.87273862114739, 3911.94994853616, 
3911.9907110708, 963.243771587481, 965.576011306505, 1928.81978289399, 
4.97959484806779, 4.95498943874646, 3214.54555285682, 3214.49634203818, 
14.3909785925775, 14.582939441337, 2447.99908666089, 2448.38300835841, 
286.082152523233, 240.383984208853, 526.466136732087, 78.6502673282089, 
841.95979400221, 3132.09636742556, 4658.71542077356, 48.531514959519, 
132.899411788428, 2603.86164536936, 2772.59743902717, 216.75, 
873.84, 1090.59, 30.2496961909119, 27.8931803903498, 2694.85953043613, 
2690.14649883501, 9.34971452978152, 10.2721944275674, 2088.65526113784, 
2090.50022093341, 328.79383492851, 361.757041083391, 690.550876011902
), .Dim = c(11L, 4L), .Dimnames = list(c("pdic", "pdicalt", "dicorig", 
"dicalt", "pwaic1", "pwaic2", "waic1", "waic2", "gof", "penalty", 
"pmcc"), NULL))
