structure(c(57.3014416176857, 58.6637761975471, 763.491245511272, 
1758.20478651796, 1212.40425431217, 170.040718104917, 8036.60469202211, 
8015.67002072258, 7804.57368653867, 7474.63798708924, 4953.55313027343, 
3742.63104550248, 57.627787878235, 58.9449522646229, 597.669973545601, 
1325.37239170934, 966.648142806136, 165.284714013167, 8037.58762522423, 
8016.57171297981, 7708.34997780861, 7353.4409809311, 4956.66346851841, 
3746.36014436552), .Dim = c(6L, 4L), .Dimnames = list(c("Linear", 
"Anova", "Separable", "AR (1)", "AR (2)", "INLA-BYM"), c("pDIC", 
"DIC", "pWAIC", "WAIC")))
