structure(c(2.44703694468272, 2.13464636465829, 2.89121039350261, 
100, 2.40039864621677, 2.01500963561156, 2.88486208831827, 100, 
2.42817361167114, 2.04328206491162, 2.89120729023535, 100, 2.42184102633931, 
2.05365205972037, 2.03693943382161, 100, 2.39180071893195, 1.98482525236706, 
2.32374691321164, 100), dim = 4:5, dimnames = list(c("rmse", 
"mae", "crps", "cvg"), c("M1", "M2", "M3", "M4", "M5")))
