structure(list(mean = c(1.4372718089425, 0.0912772508512568, 
0.031406323658116, -0.190727309019441, 0.511903593841847, 0.0138584140347845, 
0.570279057056192, 0.00866854784131765), sd = c(0.540204491372277, 
0.0154936959400888, 0.0233960804909742, 0.0598860006597587, 0.0212280823882494, 
0.00244622291845871, 0.0324247182523752, 0.000595809370765596
), `2.5%` = c(0.382986079840226, 0.0603470764982819, -0.0136852680163914, 
-0.304012869632409, 0.470833301612641, 0.00980734239307592, 0.51073664392924, 
0.00759025276040348), `97.5%` = c(2.51322365572912, 0.121784055314269, 
0.0777643982228159, -0.0735854618523733, 0.553729497926051, 0.0192143191325007, 
0.63796599186076, 0.00991622582784781), mean = c(NA, 0.240831598527767, 
0.0522619663102128, -0.0436736966198539, 0.885293180194027, 0.441034733122346, 
0.692301615830865, 0.31752586487452), sd = c(NA, 0.00303427527172928, 
0.012129400473019, 0.0180845923485127, 0.0661886217271417, 0.0155873194472077, 
0.483678127397856, 0.135188391517887), `2.5%` = c(NA, 0.234849795356994, 
0.0286009349620296, -0.0793836311800798, 0.724018547048181, 0.411767512354645, 
0.200185944899437, 0.13908089221169), `97.5%` = c(NA, 0.246868427550132, 
0.0762939454773044, -0.00890591448391718, 0.97492645423119, 0.473219556493789, 
1.98960618196547, 0.657838820178431)), class = "data.frame", row.names = c("(Intercept)", 
"xmaxtemp", "xwdsp", "xrh", "rho", "sig2eps", "sig2eta", "phi"
))
