structure(list(mean = c(1.43727180894246, 0.0912772508512578, 
0.0314063236581159, -0.190727309019437, 0.511903593841847, 0.0138584140347845, 
0.570279057056192, 0.00866854784131765), sd = c(0.540204491372267, 
0.0154936959400884, 0.0233960804909742, 0.0598860006597591, 0.0212280823882493, 
0.00244622291845872, 0.0324247182523752, 0.000595809370765596
), `2.5%` = c(0.382986079841106, 0.060347076498279, -0.0136852680163894, 
-0.304012869632529, 0.470833301612641, 0.00980734239307611, 0.510736643929242, 
0.00759025276040348), `97.5%` = c(2.51322365572894, 0.121784055314272, 
0.0777643982228015, -0.0735854618523467, 0.553729497926054, 0.0192143191325008, 
0.63796599186076, 0.00991622582784781), mean = c(NA, 0.240883468658935, 
0.0523858839632809, -0.0432814852494928, 0.871696865925291, 0.441414910748845, 
0.57928320938412, 0.300689988803072), sd = c(NA, 0.00300565145599962, 
0.0121248623352187, 0.0180381574843607, 0.059556717734884, 0.0156196208848989, 
0.354242929885946, 0.129589912190159), `2.5%` = c(NA, 0.234965661577428, 
0.0287311390388071, -0.0788986822800413, 0.729244876199397, 0.411897002134905, 
0.17062479575917, 0.121296714610897), `97.5%` = c(NA, 0.246869476763883, 
0.0764060885902325, -0.00860079143214932, 0.958180477979014, 
0.473467482729199, 1.51481355019332, 0.62000535980404)), class = "data.frame", row.names = c("(Intercept)", 
"xmaxtemp", "xwdsp", "xrh", "rho", "sig2eps", "sig2eta", "phi"
))
