structure(c(2.44703694468272, 2.13464636465829, 2.89121039350261, 
100, 2.40039864621677, 2.01500963561156, 2.88486208831827, 100, 
2.42817361167114, 2.04328206491162, 2.89120729023535, 100, 2.28761369701277, 
1.93287560093658, 1.66975124958445, 100, 2.38740340570575, 1.99403693256028, 
1.54855905057104, 100), .Dim = 4:5, .Dimnames = list(c("rmse", 
"mae", "crps", "cvg"), c("M1", "M2", "M3", "M4", "M5")))
