structure(c(57.3014416176857, 58.6637761975471, 763.491245511271, 
1758.20478651795, 1212.40425431217, 178.587059644466, 8036.60469202211, 
8015.67002072258, 7804.57368653867, 7474.63798708923, 4953.55313027344, 
3765.9187418664, 57.6277878782351, 58.9449522646229, 597.669973545601, 
1325.37239170934, 966.648142806139, 165.235296382165, 8037.58762522423, 
8016.57171297981, 7708.34997780861, 7353.4409809311, 4956.66346851842, 
3760.90036077365), .Dim = c(6L, 4L), .Dimnames = list(c("Linear", 
"Anova", "Separable", "AR (1)", "AR (2)", "INLA-BYM"), c("pDIC", 
"DIC", "pWAIC", "WAIC")))
