structure(list(mean = c(1.43727180894246, 0.0912772508512578, 
0.0314063236581159, -0.190727309019437, 0.511903593841847, 0.0138584140347845, 
0.570279057056192, 0.00866854784131765), sd = c(0.540204491372267, 
0.0154936959400884, 0.0233960804909742, 0.0598860006597591, 0.0212280823882493, 
0.00244622291845872, 0.0324247182523752, 0.000595809370765596
), `2.5%` = c(0.382986079841106, 0.060347076498279, -0.0136852680163894, 
-0.304012869632529, 0.470833301612641, 0.00980734239307611, 0.510736643929242, 
0.00759025276040348), `97.5%` = c(2.51322365572894, 0.121784055314272, 
0.0777643982228015, -0.0735854618523467, 0.553729497926054, 0.0192143191325008, 
0.63796599186076, 0.00991622582784781), mean = c(NA, 0.240785109693465, 
0.0524085086232467, -0.0432117102536713, 0.900390804483005, 0.442250441612801, 
0.67228923464079, 0.340191998317325), sd = c(NA, 0.0030035005158706, 
0.0121265394593958, 0.0180254360794044, 0.0639829390660746, 0.0157382982070963, 
0.415212345096176, 0.134915360181699), `2.5%` = c(NA, 0.234865876564852, 
0.0287496275888848, -0.0788152945980212, 0.737917495100368, 0.412999685903311, 
0.203560013433062, 0.152473372337559), `97.5%` = c(NA, 0.246761823924944, 
0.0764307507446818, -0.00856650654092098, 0.980243645210928, 
0.475075907563613, 1.77392572856673, 0.672751761619095)), class = "data.frame", row.names = c("(Intercept)", 
"xmaxtemp", "xwdsp", "xrh", "rho", "sig2eps", "sig2eta", "phi"
))
