structure(list(M0 = c(2.06760084757818, 13.5787922255128, 169.197113836474, 
192.219496592344, 1.82317928705675, 2.51979124024371, 168.952692275953, 
170.345916182327, 593.541151584299, 575.798110244497, 1169.3392618288
), M1 = c(4.98650521423656, 5.16535318722351, 158.360342808102, 
158.718038754076, 5.2007963854673, 6.32159072396654, 158.574633979333, 
160.816222656331, 327.977769589412, 351.521509234183, 679.499278823596
), M2 = c(4.98486371831521, 5.16175409033415, 158.055722372327, 
158.409503116365, 4.92506311866765, 5.90518249743977, 157.511234542215, 
159.471473299759, 330.083398877315, 346.73443888972, 676.817837767035
), M3 = c(5.17429021039882, 7.82933489064489, 158.682652551988, 
163.99274191248, 4.88311965701831, 6.77271951892573, 158.696906406599, 
162.476106130413, 323.556426120398, 396.62680768345, 720.183233803848
), M4 = c(4.92664977893526, 5.205824812193, 158.022005794697, 
158.580355861213, 4.49756321847764, 5.26407473376702, 157.21191517302, 
158.744938203598, 318.449422441842, 400.062956255428, 718.51237869727
), M5 = c(4.15732627055698, NA, 157.20288640693, NA, 4.70963722592753, 
NA, 158.426170036379, NA, 334.055182434673, 39.1314444148074, 
373.18662684948)), class = "data.frame", row.names = c("pdic", 
"pdicalt", "dic", "dicalt", "pwaic1", "pwaic2", "waic1", "waic2", 
"gof", "penalty", "pmcc"))
