structure(c(151.594931076415, 118.052821695908, 1798.57488854099, 
1768.90483904778, 12900.0227946628, 12706.4215818651, 11529.705986334, 
11507.5523047972, 152.226795702745, 116.323602236928, 1456.51820459268, 
1435.32455481566, 12905.0479294974, 12707.0170381952, 11493.8338947738, 
11472.0975441308), .Dim = c(4L, 4L), .Dimnames = list(c("Linear", 
"Anova", "AR (1)", "AR (2)"), c("pDIC", "DIC", "pWAIC", "WAIC"
)))
