structure(c(4.97556773531687, 4.94172571271778, 3912.07315891765, 
3912.00547487245, 4.85235735383094, 4.87273862114739, 3911.94994853616, 
3911.9907110708, 963.243771587481, 965.576011306505, 1928.81978289399, 
4.97959484806643, 4.95498943874646, 3214.54555285682, 3214.49634203818, 
14.3909785925771, 14.582939441337, 2447.99908666089, 2448.38300835841, 
286.082152523233, 240.383984208853, 526.466136732087, 78.6502673282093, 
841.959794002202, 3132.09636742556, 4658.71542077355, 48.531514959519, 
132.899411788428, 2603.86164536936, 2772.59743902717, 216.75, 
873.84, 1090.59, 30.3610660513909, 31.2220231215681, 2695.10535242772, 
2696.82726656808, 9.05469626999184, 10.0405438720936, 2088.14757818327, 
2090.11927338747, 328.744723765712, 361.945417615376, 690.690141381088
), dim = c(11L, 4L), dimnames = list(c("pdic", "pdicalt", "dicorig", 
"dicalt", "pwaic1", "pwaic2", "waic1", "waic2", "gof", "penalty", 
"pmcc"), NULL))
