structure(list(mean = c(1.43727180894246, 0.0912772508512578, 
0.0314063236581159, -0.190727309019437, 0.511903593841847, 0.0138584140347845, 
0.570279057056192, 0.00866854784131765), sd = c(0.540204491372267, 
0.0154936959400884, 0.0233960804909742, 0.0598860006597591, 0.0212280823882493, 
0.00244622291845872, 0.0324247182523752, 0.000595809370765596
), `2.5%` = c(0.382986079841106, 0.060347076498279, -0.0136852680163894, 
-0.304012869632529, 0.470833301612641, 0.00980734239307611, 0.510736643929242, 
0.00759025276040348), `97.5%` = c(2.51322365572894, 0.121784055314272, 
0.0777643982228015, -0.0735854618523467, 0.553729497926054, 0.0192143191325008, 
0.63796599186076, 0.00991622582784781), mean = c(NA, 0.240830221043509, 
0.0524140403917634, -0.0431812329613238, 0.897585673548493, 0.442503906910286, 
0.612839916196123, 0.329028064152749), sd = c(NA, 0.00301914467842146, 
0.0121404540661227, 0.0180522813466546, 0.0657862284435636, 0.0158626040262187, 
0.372433140049372, 0.132233968549952), `2.5%` = c(NA, 0.234876641308118, 
0.0287271211328118, -0.0788326093236214, 0.739449714434784, 0.411350980635546, 
0.2024564086261, 0.151225373009479), `97.5%` = c(NA, 0.246835926843481, 
0.076463080816827, -0.00847992210997849, 0.984463146471604, 0.473721964468444, 
1.60656620797985, 0.660006733634209)), class = "data.frame", row.names = c("(Intercept)", 
"xmaxtemp", "xwdsp", "xrh", "rho", "sig2eps", "sig2eta", "phi"
))
