structure(c(321.33, 736.233589953145, 607.31, 21.5268248526114, 
928.64, 757.760414805756), .Dim = 2:3, .Dimnames = list(c("spTimer", 
"INLA"), c("gof", "penalty", "pmcc")))
