structure(list(lm = c(9.34971283370836, 7.54320475935592, 5.66511108731699, 
98.3606557377049, 728.907405218002, 731.614442724902, 1460.5218479429
), separable = c(6.49190361262851, 5.00044870921772, 10.5614209888248, 
99.5901639344262, 218.488547786279, 195.369254375145, 413.857802161424
), spTimerGP = c(6.40179076389195, 4.93858455821659, 6.79178071027338, 
99.5901639344262, 181.71, 935.42, 1117.13), stan = c(6.41728100486172, 
4.85375979412896, 3.22832037253651, 92.6229508196721, 173.461921248079, 
266.260336361115, 439.722257609193), inla = c(9.72815822467819, 
7.64911386455588, 2.65805600031381, 65.1639344262295, 527.542255390199, 
17.2250410439619, 544.767296434161), spTimerAR = c(6.46142605391595, 
4.99184564464762, 5.96912137087045, 99.3852459016394, 185.76, 
718.47, 904.23), spTDyn = c(6.58866022231272, 5.11415961510277, 
5.121885588187, 99.3852459016394, 71.3, 467.46, 538.76), sptimerGPP = c(6.35797359390324, 
4.8500266689358, 7.47248483757073, 99.3852459016394, 146.69, 
815.85, 962.54)), class = "data.frame", row.names = c("rmse", 
"mae", "crps", "cvg", "gof", "penalty", "pmcc"))
