structure(list(mean = c(1.43727180894246, 0.0912772508512578, 
0.0314063236581159, -0.190727309019437, 0.511903593841847, 0.0138584140347845, 
0.570279057056192, 0.00866854784131765), sd = c(0.540204491372267, 
0.0154936959400884, 0.0233960804909742, 0.0598860006597591, 0.0212280823882493, 
0.00244622291845872, 0.0324247182523752, 0.000595809370765596
), `2.5%` = c(0.382986079841106, 0.060347076498279, -0.0136852680163894, 
-0.304012869632529, 0.470833301612641, 0.00980734239307611, 0.510736643929242, 
0.00759025276040348), `97.5%` = c(2.51322365572894, 0.121784055314272, 
0.0777643982228015, -0.0735854618523467, 0.553729497926054, 0.0192143191325008, 
0.63796599186076, 0.00991622582784781), mean = c(NA, 0.240860031252731, 
0.0524443119132675, -0.0431326850688747, 0.87852595595184, 0.441544824575483, 
0.55937021349317, 0.30479514933857), sd = c(NA, 0.00299222816480857, 
0.0121184823787711, 0.0180060806635337, 0.0588831559086008, 0.0156741542775069, 
0.314053628854363, 0.126791034337234), `2.5%` = c(NA, 0.23496855099464, 
0.0288003945969879, -0.0786838492059493, 0.737420028919355, 0.412571646897965, 
0.174253509090265, 0.122368926686986), `97.5%` = c(NA, 0.246818560123955, 
0.0764502170723668, -0.00851185861149235, 0.963161540833177, 
0.474377384798668, 1.37693404044186, 0.611292409034549)), class = "data.frame", row.names = c("(Intercept)", 
"xmaxtemp", "xwdsp", "xrh", "rho", "sig2eps", "sig2eta", "phi"
))
