structure(c(2.44140321705902, 1.78906830312464, 2.08516480800636, 
100, 5.0048001677656, 3.545186788328, 2.07658111961, 85.7142857142857, 
5.86529062045977, 5.46238145323135, 1.22838067584904, 57.1428571428571, 
2.5083659827236, 2.14465663363847, 2.07177873416977, 100), dim = c(4L, 
4L), dimnames = list(c("rmse", "mae", "crps", "cvg"), c("Fold1", 
"Fold2", "Fold3", "Fold4")))
