structure(c(321.33, 738.006986249312, 607.31, 20.841241539383, 
928.64, 758.848227788695), .Dim = 2:3, .Dimnames = list(c("spTimer", 
"INLA"), c("gof", "penalty", "pmcc")))
