structure(list(mean = c(1.43727180894246, 0.0912772508512578, 
0.0314063236581159, -0.190727309019437, 0.511903593841847, 0.0138584140347845, 
0.570279057056192, 0.00866854784131765), sd = c(0.540204491372267, 
0.0154936959400884, 0.0233960804909742, 0.0598860006597591, 0.0212280823882493, 
0.00244622291845872, 0.0324247182523752, 0.000595809370765596
), `2.5%` = c(0.382986079841106, 0.060347076498279, -0.0136852680163894, 
-0.304012869632529, 0.470833301612641, 0.00980734239307611, 0.510736643929242, 
0.00759025276040348), `97.5%` = c(2.51322365572894, 0.121784055314272, 
0.0777643982228015, -0.0735854618523467, 0.553729497926054, 0.0192143191325008, 
0.63796599186076, 0.00991622582784781), mean = c(NA, 0.240788818870304, 
0.0524040794814341, -0.0432622113262392, 0.896340422435328, 0.442195597976293, 
0.65423509349713, 0.323879210583516), sd = c(NA, 0.00299900023701479, 
0.0121305226934676, 0.0180168307372265, 0.0647184344777724, 0.0157378717370047, 
0.346535395911935, 0.11420499494925), `2.5%` = c(NA, 0.234884990397111, 
0.0287375823707811, -0.0788411419536856, 0.732438007503405, 0.412517650853523, 
0.228708637559096, 0.154525889966407), `97.5%` = c(NA, 0.246763082490832, 
0.0764346321088617, -0.00862673296576703, 0.978079051199069, 
0.474556343130103, 1.55876029275769, 0.597334992315779)), class = "data.frame", row.names = c("(Intercept)", 
"xmaxtemp", "xwdsp", "xrh", "rho", "sig2eps", "sig2eta", "phi"
))
