structure(c(446.691355094248, 243.242639045966, 3070.36104999408, 
2931.25971227124, 2992.32033826475, 2220.49246691037, 208.722736944284, 
33586.185796456, 34177.7928726921, 27771.8662949012, 27722.777822346, 
27711.42861069, 26926.9240339703, 25059.8721314735, 1267.99954596754, 
783.833005815443, 2316.68262493039, 2249.90354507047, 2268.62144079291, 
1836.69078439385, 246.930496915988, 34622.0144639581, 34801.4933844362, 
27725.6490168333, 27710.1585839839, 27670.9498539643, 27053.6081125919, 
25112.8579987918), dim = c(7L, 4L), dimnames = list(c("Linear", 
"Anova (without interaction)", "Anova (with interaction)", "Separable", 
"AR (1)", "AR (2)", "INLA-BYM"), c("pDIC", "DIC", "pWAIC", "WAIC"
)))
