structure(c(446.691355094248, 243.242639045966, 3070.36104999408, 
2931.25971227124, 2992.32033826475, 2217.44859019876, 208.579403130323, 
33586.185796456, 34177.7928726921, 27771.8662949012, 27722.777822346, 
27711.42861069, 26921.3069200845, 25059.8756079402, 1267.99954596754, 
783.833005815445, 2316.68262493039, 2249.90354507046, 2268.62144079291, 
1832.49400269341, 246.782185223875, 34622.0144639581, 34801.4933844362, 
27725.6490168333, 27710.1585839839, 27670.9498539643, 27044.8620478247, 
25112.8402526288), .Dim = c(7L, 4L), .Dimnames = list(c("Linear", 
"Anova (without interaction)", "Anova (with interaction)", "Separable", 
"AR (1)", "AR (2)", "INLA-BYM"), c("pDIC", "DIC", "pWAIC", "WAIC"
)))
