structure(list(lm = c(9.34971283370836, 7.54320475935592, 5.66511108731699, 
98.3606557377049, 728.907405218002, 731.614442724902, 1460.5218479429
), separable = c(6.49190361262852, 5.00044870921773, 10.5614209888248, 
99.5901639344262, 218.488547786279, 195.369254375145, 413.857802161424
), spTimerGP = c(6.40179076389195, 4.93858455821659, 6.79178071027351, 
99.5901639344262, 181.71, 935.42, 1117.13), stan = c(6.41808433349936, 
4.85291088283567, 3.42717098765883, 92.0081967213115, 173.509203197962, 
266.505523898127, 440.014727096089), inla = c(9.72831092239555, 
7.64444879731508, 2.76165993788605, 65.983606557377, 526.54720827914, 
17.4913695452998, 544.03857782444), spTimerAR = c(6.46142605391595, 
4.99184564464763, 5.96912137087045, 99.3852459016394, 185.76, 
718.47, 904.23), spTDyn = c(6.58866022231272, 5.11415961510276, 
5.12188558818699, 99.3852459016394, 71.3, 467.46, 538.76), sptimerGPP = c(6.35797359390329, 
4.85002666893584, 7.47248483757069, 99.3852459016394, 146.69, 
815.85, 962.54)), class = "data.frame", row.names = c("rmse", 
"mae", "crps", "cvg", "gof", "penalty", "pmcc"))
