structure(c(321.33, 738.007565547663, 607.31, 20.8346775583306, 
928.64, 758.842243105993), .Dim = 2:3, .Dimnames = list(c("spTimer", 
"INLA"), c("gof", "penalty", "pmcc")))
