structure(list(mean = c(1.43727180894246, 0.0912772508512578, 
0.0314063236581159, -0.190727309019437, 0.511903593841847, 0.0138584140347845, 
0.570279057056192, 0.00866854784131765), sd = c(0.540204491372267, 
0.0154936959400884, 0.0233960804909742, 0.0598860006597591, 0.0212280823882493, 
0.00244622291845872, 0.0324247182523752, 0.000595809370765596
), `2.5%` = c(0.382986079841106, 0.060347076498279, -0.0136852680163894, 
-0.304012869632529, 0.470833301612641, 0.00980734239307611, 0.510736643929242, 
0.00759025276040348), `97.5%` = c(2.51322365572894, 0.121784055314272, 
0.0777643982228015, -0.0735854618523467, 0.553729497926054, 0.0192143191325008, 
0.63796599186076, 0.00991622582784781), mean = c(NA, 0.240784322468532, 
0.0524040628576863, -0.0432225457051026, 0.900221621028004, 0.442225771255371, 
0.67250634883388, 0.339742073123607), sd = c(NA, 0.00300415480895209, 
0.0121265566481806, 0.0180264891186561, 0.0639774390798166, 0.0157364442273835, 
0.415840230218099, 0.135079042867429), `2.5%` = c(NA, 0.234863690340888, 
0.0287451807250306, -0.0788280001208885, 0.737840533496221, 0.41297654123277, 
0.203561807559077, 0.152107724682558), `97.5%` = c(NA, 0.246762225012667, 
0.076426370975223, -0.00857514787255727, 0.980161750003404, 0.475045421160137, 
1.77600596958244, 0.67293547313063)), class = "data.frame", row.names = c("(Intercept)", 
"xmaxtemp", "xwdsp", "xrh", "rho", "sig2eps", "sig2eta", "phi"
))
