structure(c(321.33, 737.761655261514, 607.31, 20.9375900511434, 
928.64, 758.699245312657), .Dim = 2:3, .Dimnames = list(c("spTimer", 
"INLA"), c("gof", "penalty", "pmcc")))
