structure(c(321.33, 736.569079111202, 607.31, 21.4385445002919, 
928.64, 758.007623611494), dim = 2:3, dimnames = list(c("spTimer", 
"INLA"), c("gof", "penalty", "pmcc")))
