structure(c(4.98035204433472, 244.848615156094, 247.231802193936, 
296.124876514271, 5430.35688813066, 2640.25302709882, 2640.50324699546, 
2689.65657221411, 58.4373988798407, 147.943905555614, 147.432090792694, 
157.103316217751, 5486.09824247122, 2596.92132116692, 2594.28248812217, 
2610.72158996457), .Dim = c(4L, 4L), .Dimnames = list(c("Independent", 
"Leroux", "BYM", "INLA-BYM"), c("pDIC", "DIC", "pWAIC", "WAIC"
)))
