structure(c(4.97364951758527, 85.0582651584891, 87.0579313931239, 
76.394105888118, 1503.99901271082, 1352.37719804419, 1353.60166910473, 
1348.40683453919, 6.24416032366254, 52.3598308212364, 53.3895453655056, 
49.267497668114, 1505.39538129241, 1330.11305694479, 1330.71580863181, 
1330.39122144466), .Dim = c(4L, 4L), .Dimnames = list(c("Independent", 
"Leroux", "BYM", "INLA-BYM"), c("pDIC", "DIC", "pWAIC", "WAIC"
)))
