structure(c(4.97364951758527, 85.0582651584891, 87.0579313931239, 
76.3957530466771, 1503.99901271082, 1352.37719804419, 1353.60166910473, 
1348.4065364073, 6.24416032366254, 52.3598308212364, 53.3895453655056, 
49.2679152275324, 1505.39538129241, 1330.11305694479, 1330.71580863181, 
1330.38996345485), dim = c(4L, 4L), dimnames = list(c("Independent", 
"Leroux", "BYM", "INLA-BYM"), c("pDIC", "DIC", "pWAIC", "WAIC"
)))
