structure(c(5.01545172916434, 141.392412442474, 119.355981097098, 
473.514497590557, 325.070205308015, 343.268611084862, 6.05910211982487, 
106.79520878445, 94.4196627626064, 474.726483321535, 320.089832117357, 
341.890578348917), .Dim = 3:4, .Dimnames = list(c("Independent", 
"Leroux", "INLA-BYM"), c("pDIC", "DIC", "pWAIC", "WAIC")))
