structure(c(4.98035204433563, 244.848615156094, 247.231802193935, 
296.124883800464, 5430.35688813067, 2640.25302709882, 2640.50324699546, 
2689.65617916305, 58.4373988798407, 147.943905555614, 147.432090792694, 
157.102973419727, 5486.09824247122, 2596.92132116692, 2594.28248812217, 
2610.72066695912), dim = c(4L, 4L), dimnames = list(c("Independent", 
"Leroux", "BYM", "INLA-BYM"), c("pDIC", "DIC", "pWAIC", "WAIC"
)))
