structure(list(M0 = c(2.06760084757818, 13.5787922255128, 169.197113836474, 
192.219496592344, 1.82317928705675, 2.51979124024371, 168.952692275953, 
170.345916182327, 591.821685609489, 577.127490882331, 1168.94917649182
), M1 = c(4.98650521423656, 5.16535318722351, 158.360342808102, 
158.718038754076, 5.2007963854673, 6.32159072396654, 158.574633979333, 
160.816222656331, 327.977769589412, 351.521509234183, 679.499278823596
), M2 = c(4.98486371831521, 5.16175409033415, 158.055722372327, 
158.409503116365, 4.92506311866765, 5.90518249743977, 157.511234542215, 
159.471473299759, 330.083398877315, 346.73443888972, 676.817837767035
), M3 = c(5.17429021039882, 7.82933489064489, 158.682652551988, 
163.99274191248, 4.88311965701831, 6.77271951892573, 158.696906406599, 
162.476106130413, 323.556426120398, 396.62680768345, 720.183233803848
), M4 = c(5.31375587243937, 6.45853063058251, 158.745971143913, 
161.0355206602, 4.92633062800604, 5.96047977228875, 157.921363439355, 
159.989661727921, 316.665593392741, 394.858365348515, 711.523958741256
), M5 = c(4.17293885239079, NA, 157.231387338394, NA, 4.72518080583537, 
NA, 158.457998228089, NA, 334.028381017909, 39.1660442136913, 
373.1944252316)), class = "data.frame", row.names = c("pdic", 
"pdicalt", "dic", "dicalt", "pwaic1", "pwaic2", "waic1", "waic2", 
"gof", "penalty", "pmcc"))
